sinTheta = 0.7071067811865475
cosTheta = 0.7071067811865476
tanTheta = 0.9999999999999999
